image_width: 1280
image_height: 720
camera_name: axis_camera_fin
camera_matrix:
  rows: 3
  cols: 3
  data:  [1.3198375294066561e+03, 0., 6.0360059796851181e+02, 0., 1.3198375294066561e+03, 4.0020434186986205e+02, 0., 0., 1]
distortion_model: plumb_bob
distortion_coefficients:
  rows: 1
  cols: 5
  data: [-4.6242245685014916e-01, 3.5803771174795740e-01, 0., 0., -8.7768435399807054e-01]
rectification_matrix:
  rows: 3
  cols: 3
  data: [9.9617359530934635e-01, -8.7201561647086770e-02, 5.8357222997625644e-03, 8.7201561647086770e-02, 9.8727342464963275e-01, -1.3299275403906508e-01, 5.8357222997625644e-03, 1.3299275403906508e-01, 9.9109982934028640e-01]
projection_matrix:
  rows: 3
  cols: 4
  data: [1.1309217097105059e+03, 0, 7.4139588116109371e+02, 0, 0, 1.1309217097105059e+03, 4.5003116035461426e+02,-7.4395756090120681e-08, 0, 0, 1, 0]
  
  

