image_width: 640
image_height: 480
camera_name: camera
camera_matrix:
  rows: 3
  cols: 3
  data: [879.3029856737741, 0, 296.5510457981297, 0, 885.3267823276828, 213.0903768923715, 0, 0, 1]
distortion_model: plumb_bob
distortion_coefficients:
  rows: 1
  cols: 5
  data: [0.1320677424762421, -0.265074372825824, -0.003026887691157927, -0.01999147004248961, 0]
rectification_matrix:
  rows: 3
  cols: 3
  data: [1, 0, 0, 0, 1, 0, 0, 0, 1]
projection_matrix:
  rows: 3
  cols: 4
  data: [889.0369873046875, 0, 288.6885102296255, 0, 0, 907.7496948242188, 211.9561214670157, 0, 0, 0, 1, 0]