image_width: 1280
image_height: 720
camera_name: axis
camera_matrix:
  rows: 3
  cols: 3
  data:  [1322.71669, 0, 557.924639, 0, 1323.94161, 449.554155, 0, 0, 1]
distortion_model: plumb_bob
distortion_coefficients:
  rows: 1
  cols: 5
  data: [-0.46130929, -0.06055901, -0.00791729, 0.00680016, 1.78414209]
rectification_matrix:
  rows: 3
  cols: 3
  data: [1, 0, 0, 0, 1, 0, 0, 0, 1]
projection_matrix:
  rows: 3
  cols: 4
  data: [1322.71669, 0, 557.924639, 0, 0, 1323.94161, 449.554155, 0, 0, 0, 1, 0]
